version https://git-lfs.github.com/spec/v1
oid sha256:f27ed5f93f8cd88ae439b07aa21485710e75a9d17c079b2855528a8320267ce7
size 133
