version https://git-lfs.github.com/spec/v1
oid sha256:b97d6c12be579fe38ae22459a1874f6ef8a8ed906c3b497c886d16b21116799e
size 148
